41.67171159999999,-71.15865889999999	41.644992,-70.8879561	17.1	null	
33.5990073,-85.832306	31.5166696,-85.70891379999999	177.0	null
43.0215991,-74.9979498	42.3482668,-77.6698753	178.0	null	
41.1132707,-74.1069282	42.6953088,-73.8461142	124.0	null	
30.8860401,-87.79016089999999	33.3613017,-87.00212809999999	235.0	null	
42.427751,-76.5137766	42.1567722,-76.8541827	29.4	null	
41.4549974,-74.3787239	40.8801978,-72.94700499999999	121.0	null	
42.3416945,-72.643759	42.2851509,-71.6563963	77.0	null	
43.19718930000001,-77.92888599999999	43.01358070000001,-78.20791489999999	24.2	null	
33.5901883,-86.7004457	33.6391007,-86.6291684	7.9	null
40.8117427,-73.2905413	42.6825208,-74.4553104	192.0	null	
42.2851509,-71.6563963	42.5704229,-71.11272919999999	45.7	null	
32.3258962,-86.23204659999999	32.3851579,-86.18487069999999	6.1	null
33.6793554,-86.6810057	34.1628289,-85.7126492	74.4	null
42.84701099999999,-73.7485212	43.2146781,-77.7242837	242.0	null	
42.8860163,-78.6969235	43.1611203,-76.11736259999999	146.0	null	
31.8493659,-86.6472088	30.2673384,-87.68615659999999	145.0	null
42.6788635,-73.1056289	42.7427293,-71.16540879999999	131.0	null	
31.4910594,-85.68949649999999	33.4286397,-86.7918224	164.0	null
41.5519446,-73.41979379999999	41.6629796,-72.7183982	59.4	null	
32.4629505,-86.416358	32.5013137,-85.0434437	93.4	null
42.8824461,-78.6942935	42.0969209,-79.3004279	78.9	null	
40.8117427,-73.2905413	42.57341,-76.2147772	260.0	null	
33.3478202,-86.6190613	32.8168235,-86.6092924	51.3	null
33.235497,-87.615996	34.7476371,-87.67367779999999	117.0	null
41.7953632,-71.3254984	42.1360067,-72.5069872	84.1	null	
34.7649778,-86.59249849999999	34.6576415,-86.4854392	12.2	null
42.1153086,-75.9468196	42.427751,-76.5137766	49.9	null	
33.3618158,-86.8248581	33.4221868,-86.67610499999999	12.4	null
34.1495662,-86.84148519999999	30.6254979,-87.90589659999999	299.0	null
41.9973971,-70.8463701	42.3546249,-72.55246260000001	119.0	null	
41.2380159,-73.0315813	41.4700484,-73.0286186	20.9	null	
33.9350701,-87.84070109999999	42.0962803,-70.9686255	1265.0	null	
42.4648501,-73.1981923	42.5886487,-72.2842989	68.1	null	
43.19718930000001,-77.92888599999999	43.0383576,-76.27301600000001	96.7	null	
33.4692591,-86.91817429999999	31.843662,-85.17110409999999	187.0	null
41.8064746,-72.5376747	41.5833663,-71.98940519999999	52.8	null	
33.2355389,-86.80112990000001	32.9413287,-85.9759495	66.6	null	
41.56339029999999,-73.00431979999999	41.4770732,-72.8112967	20.3	null	
34.6158511,-86.5706988	34.7649778,-86.59249849999999	11.1	null
41.8192162,-73.0779735	41.2014675,-73.1195311	49.0	null	
32.5508583,-85.9170779	31.9395496,-87.73957639999999	139.0	null
42.3482668,-77.6698753	43.0215991,-74.9979498	178.0	null	
33.8429255,-87.2544851	33.5621694,-86.5189736	60.0	null
33.7792584,-86.43244829999999	33.745376,-87.0417709	55.8	null
33.7801311,-85.89704399999999	34.2373899,-87.59757569999999	148.0	null
42.4537869,-79.31328259999999	43.3236002,-76.44874879999999	191.0	null	
33.1460285,-86.7520085	33.6793554,-86.6810057	46.7	null
41.4974076,-74.07386369999999	43.09525439999999,-75.3124285	183.0	null	
32.5709803,-85.49652100000002	33.9931147,-86.09430829999999	132.0	null	
34.6838836,-86.74116590000001	32.4940525,-86.39816290000002	170.0	null
40.8801978,-72.94700499999999	41.4549974,-74.3787239	121.0	null	
41.9232556,-72.6076685	41.3118395,-73.05313769999999	55.1	null	
34.1196445,-87.9924214	34.2373899,-87.59757569999999	28.9	null
42.494501,-70.9355235	41.904485,-71.0323192	50.3	null	
42.1360067,-72.5069872	42.1281596,-72.0599639	30.1	null	
31.0514132,-85.8993835	31.8493659,-86.6472088	93.3	null
41.955574,-70.71796209999999	42.2361444,-70.9864432	28.8	null	
42.6825208,-74.4553104	40.8117427,-73.2905413	192.0	null	
33.3478202,-86.6190613	34.1628289,-85.7126492	95.9	null
43.0215991,-74.9979498	42.74348579999999,-78.8724144	220.0	null	
41.6629796,-72.7183982	41.5519446,-73.41979379999999	59.4	null	
41.4549974,-74.3787239	41.3106003,-73.8667639	37.0	null	
41.9233519,-71.8891874	41.2953445,-72.38134459999999	61.2	null	
41.4700484,-73.0286186	41.2380159,-73.0315813	20.9	null	
31.7807101,-85.93907779999999	31.9395496,-87.73957639999999	121.0	null
41.9726126,-73.98512629999999	42.0969209,-79.3004279	353.0	null	
42.6228941,-71.3607727	42.1752261,-72.57210139999999	87.8	null	
41.1132707,-74.1069282	41.7575738,-70.6636893	224.0	null	
33.5621694,-86.5189736	33.8429255,-87.2544851	60.0	null
42.60870999999999,-73.7919505	42.8417369,-73.94443200000001	22.9	null	
41.4700484,-73.0286186	41.320042,-72.87717499999999	17.6	null	
42.1210441,-71.0300905	42.1162156,-71.46536259999999	39.6	null	
32.4333922,-87.0130686	34.669315,-86.00638189999999	199.0	null
34.493486,-87.72715640000001	32.8365989,-84.8436105	260.0	null
41.7406965,-72.7123948	41.5833663,-71.98940519999999	48.2	null	
41.5833663,-71.98940519999999	41.8064746,-72.5376747	52.8	null	
42.5949057,-71.7598385	42.4925091,-71.7296017	8.3	null	
33.3413551,-86.7911282	33.6096563,-86.27711669999999	41.5	null
40.8801978,-72.94700499999999	44.9223101,-74.87782850000001	414.0	null	
33.4606277,-86.96835299999999	34.7063289,-86.5906231	112.0	null
34.0126461,-85.98711759999999	33.6471803,-86.8229535	74.5	null
41.56339029999999,-73.00431979999999	41.3704689,-72.155682	58.6	null	
41.320042,-72.87717499999999	41.4700484,-73.0286186	17.6	null	
41.6819255,-72.65669980000001	41.2914878,-73.11301569999999	40.9	null	
30.6389562,-88.24627040000001	30.683965,-88.124926	10.2	null
42.8595768,-77.02117179999999	42.60870999999999,-73.7919505	197.0	null	
34.7886301,-86.9589404	34.3419999,-86.500851	48.1	null	
42.57341,-76.2147772	42.64014580000001,-73.7013525	164.0	null	
33.4469749,-86.8209358	34.4331495,-86.9377772	73.7	null
41.3697844,-72.06514869999999	41.9232556,-72.6076685	60.6	null	
41.8104198,-72.85357879999999	41.4974076,-74.07386369999999	99.9	null	
42.4537869,-79.31328259999999	41.5307731,-73.8971686	382.0	null	
42.74348579999999,-78.8724144	42.84701099999999,-73.7485212	295.0	null	
41.6234151,-72.8723633	41.2914878,-73.11301569999999	34.8	null	
30.8860401,-87.79016089999999	32.5709803,-85.49652100000002	192.0	null	
40.7268723,-73.5437687	42.64014580000001,-73.7013525	168.0	null	
42.0962803,-70.9686255	33.9350701,-87.84070109999999	1265.0	null	
41.1591183,-73.4175793	41.7402568,-72.1749329	95.5	null	
33.745376,-87.0417709	33.176156,-86.2867488	69.7	null
41.7406965,-72.7123948	41.3736477,-72.91900799999999	37.7	null	
41.3118395,-73.05313769999999	41.9232556,-72.6076685	55.1	null	
33.9710849,-86.4467212	32.6379264,-85.42191969999999	142.0	null
33.6047446,-87.0424393	33.2355389,-86.80112990000001	48.1	null	
42.3482668,-77.6698753	42.1567722,-76.8541827	58.9	null	
34.493486,-87.72715640000001	30.7995566,-88.0969451	309.0	null
42.6228941,-71.3607727	42.0981889,-71.056849	49.3	null	
41.64190749999999,-71.00791079999999	41.9331395,-71.35014939999999	37.4	null	
43.0611946,-74.3215374	41.9726126,-73.98512629999999	97.2	null	
42.5886487,-72.2842989	42.3416945,-72.643759	39.5	null	
42.8860163,-78.6969235	43.18816289999999,-76.240273	143.0	null	
43.01358070000001,-78.20791489999999	43.19718930000001,-77.92888599999999	24.2	null	
41.3118395,-73.05313769999999	41.4058319,-73.4180671	25.1	null	
42.5886487,-72.2842989	42.4648501,-73.1981923	68.1	null	
41.3704689,-72.155682	41.56339029999999,-73.00431979999999	58.6	null	
33.235497,-87.615996	33.9710849,-86.4467212	101.0	null
41.2953445,-72.38134459999999	41.5047984,-72.12257889999999	24.9	null	
42.7427293,-71.16540879999999	42.4487941,-70.9608099	32.7	null	
32.5013137,-85.0434437	32.4629505,-86.416358	93.4	null
43.2341532,-78.2258973	42.6953088,-73.8461142	261.0	null	
42.9052065,-78.77816079999999	43.1611203,-76.11736259999999	147.0	null	
42.8824461,-78.6942935	42.7518646,-73.76559829999999	280.0	null	
30.5937797,-88.16298519999999	30.6758168,-88.22431309999999	9.5	null
33.7315448,-87.8087661	34.8341568,-87.6251166	86.9	null
33.8429255,-87.2544851	33.7880537,-85.7652227	118.0	null
42.74348579999999,-78.8724144	43.0215991,-74.9979498	220.0	null	
34.669315,-86.00638189999999	30.7995566,-88.0969451	363.0	null
32.8365989,-84.8436105	32.4629505,-86.416358	111.0	null
42.9636465,-74.1850603	43.00861889999999,-78.8186202	255.0	null	
34.1495662,-86.84148519999999	32.8168235,-86.6092924	104.0	null
41.8192162,-73.0779735	41.4770732,-72.8112967	43.5	null	
30.683965,-88.124926	30.6389562,-88.24627040000001	10.2	null
31.559566,-87.87568829999999	34.7457897,-86.67589199999999	263.0	null
32.4929354,-87.8494517	31.1789526,-85.40448979999999	195.0	null
34.4399919,-85.7620185	34.0126461,-85.98711759999999	37.8	null
43.09525439999999,-75.3124285	41.4974076,-74.07386369999999	183.0	null	
32.9413287,-85.9759495	31.3048098,-86.5011549	141.0	null	
31.4805983,-87.3282674	32.3546687,-86.13494949999999	113.0	null
34.4954417,-87.2769098	34.7476371,-87.67367779999999	30.5	null
33.4679023,-86.82164180000001	33.5290088,-86.72007429999999	8.0	null
42.62280519999999,-71.2697883	41.7554762,-71.21799919999999	81.1	null	
30.6415128,-88.18923470000001	30.683965,-88.124926	6.2	null
33.176156,-86.2867488	33.745376,-87.0417709	69.7	null
34.7063289,-86.5906231	34.6158511,-86.5706988	7.4	null
33.6096563,-86.27711669999999	33.3413551,-86.7911282	41.5	null
41.320042,-72.87717499999999	41.5519446,-73.41979379999999	48.4	null	
33.5290088,-86.72007429999999	33.4679023,-86.82164180000001	8.0	null
42.7977478,-77.7861946	43.3236002,-76.44874879999999	96.1	null	
42.62280519999999,-71.2697883	42.14236349999999,-71.215029	44.7	null	
40.726704,-73.4232535	41.5307731,-73.8971686	95.0	null	
31.5166696,-85.70891379999999	33.5990073,-85.832306	177.0	null
41.2014675,-73.1195311	41.6234151,-72.8723633	46.1	null	
33.176156,-86.2867488	33.438442,-86.08019759999999	24.4	null
42.3546249,-72.55246260000001	42.551348,-71.99477639999999	40.2	null	
42.8757365,-77.24310129999999	43.0383576,-76.27301600000001	58.5	null	
41.2711483,-72.97782029999999	33.6047446,-87.0424393	1064.0	null	
42.1153086,-75.9468196	43.0611946,-74.3215374	134.0	null	
41.3167559,-74.148402	41.6668281,-74.67883209999999	44.6	null	
41.6668281,-74.67883209999999	41.3167559,-74.148402	44.6	null	
42.57341,-76.2147772	40.8117427,-73.2905413	260.0	null	
33.4692591,-86.91817429999999	30.5221547,-87.8487366	265.0	null
41.5307731,-73.8971686	40.726704,-73.4232535	95.0	null	
30.6254979,-87.90589659999999	34.5565103,-86.9958752	332.0	null
33.7880537,-85.7652227	31.559566,-87.87568829999999	239.0	null
33.9931147,-86.09430829999999	32.5709803,-85.49652100000002	132.0	null	
33.1651751,-87.5187189	32.8351551,-85.1788784	179.0	null
42.2376571,-72.2787543	42.14236349999999,-71.215029	84.2	null	
33.438442,-86.08019759999999	33.176156,-86.2867488	24.4	null
43.0664192,-77.3579251	43.7735689,-75.4779841	156.0	null	
33.1460285,-86.7520085	31.1387393,-87.0685361	160.0	null
33.9710849,-86.4467212	33.235497,-87.615996	101.0	null
41.6668281,-74.67883209999999	43.09525439999999,-75.3124285	135.0	null	
42.427751,-76.5137766	42.1153086,-75.9468196	49.9	null	
32.4333922,-87.0130686	30.7619546,-88.2295457	179.0	null
41.4058319,-73.4180671	41.6053432,-72.71174809999999	47.6	null	
31.1789526,-85.40448979999999	31.2680202,-85.44126469999999	7.5	null
31.7807101,-85.93907779999999	33.1651751,-87.5187189	154.0	null
32.3546687,-86.13494949999999	31.4805983,-87.3282674	113.0	null
43.2146781,-77.7242837	42.84701099999999,-73.7485212	242.0	null	
43.2146781,-77.7242837	42.8417369,-73.94443200000001	219.0	null	
31.4805983,-87.3282674	30.6758168,-88.22431309999999	92.3	null
43.18816289999999,-76.240273	42.8860163,-78.6969235	143.0	null	
41.9233519,-71.8891874	41.6819255,-72.65669980000001	52.3	null	
34.6576415,-86.4854392	34.7649778,-86.59249849999999	12.2	null
42.551348,-71.99477639999999	42.3546249,-72.55246260000001	40.2	null	
42.17060379999999,-71.87881179999999	42.5704229,-71.11272919999999	58.6	null	
42.3729018,-71.5588568	42.2501964,-71.94031939999999	26.8	null	
41.67171159999999,-71.15865889999999	42.3008375,-71.39969359999999	65.0	null	
33.3413551,-86.7911282	31.5166696,-85.70891379999999	155.0	null
41.2809319,-72.8308	41.6976238,-72.8976785	47.0	null	
33.5621694,-86.5189736	34.6838836,-86.74116590000001	110.0	null
41.2711483,-72.97782029999999	41.3704689,-72.155682	47.5	null	
41.64190749999999,-71.00791079999999	42.17060379999999,-71.87881179999999	68.5	null	
33.1651751,-87.5187189	31.7807101,-85.93907779999999	154.0	null
41.2871201,-72.67886439999999	41.3736477,-72.91900799999999	20.3	null	
31.315562,-85.8274507	31.843662,-85.17110409999999	66.0	null
44.9223101,-74.87782850000001	40.8801978,-72.94700499999999	414.0	null	
41.5643144,-70.5959094	42.5545669,-70.96823999999999	88.8	null	
42.2124896,-73.88288630000001	40.8637999,-73.08044049999999	163.0	null	
33.7200297,-85.8201445	31.3048098,-86.5011549	239.0	null	
42.14236349999999,-71.215029	42.2376571,-72.2787543	84.2	null	
42.2361444,-70.9864432	41.904485,-71.0323192	28.2	null	
34.6838836,-86.74116590000001	33.5621694,-86.5189736	110.0	null
34.5565103,-86.9958752	32.4929354,-87.8494517	191.0	null
31.9395496,-87.73957639999999	32.5508583,-85.9170779	139.0	null
34.7649778,-86.59249849999999	34.6158511,-86.5706988	11.1	null
30.2673384,-87.68615659999999	31.8493659,-86.6472088	145.0	null
31.8493659,-86.6472088	31.0514132,-85.8993835	93.3	null
30.6415128,-88.18923470000001	30.6507514,-88.16159449999999	2.0	null
31.843662,-85.17110409999999	31.315562,-85.8274507	66.0	null
32.8168235,-86.6092924	34.1495662,-86.84148519999999	104.0	null
34.2373899,-87.59757569999999	34.1196445,-87.9924214	28.9	null
30.7619546,-88.2295457	33.7792584,-86.43244829999999	285.0	null
41.7575738,-70.6636893	41.1132707,-74.1069282	224.0	null	
31.2680202,-85.44126469999999	31.315562,-85.8274507	27.5	null
42.122497,-70.83161419999999	41.9973971,-70.8463701	10.6	null	
42.4487941,-70.9608099	42.7427293,-71.16540879999999	32.7	null	
41.5307731,-73.8971686	42.4537869,-79.31328259999999	382.0	null	
31.4910594,-85.68949649999999	33.9350701,-87.84070109999999	248.0	null
34.7457897,-86.67589199999999	31.559566,-87.87568829999999	263.0	null
42.1752261,-72.57210139999999	42.6228941,-71.3607727	87.8	null	
33.6391007,-86.6291684	33.5901883,-86.7004457	7.9	null
43.14393,-78.69358460000001	43.7735689,-75.4779841	225.0	null	
43.0611603,-76.06086979999999	44.0406753,-75.8443171	79.8	null	
33.7315448,-87.8087661	30.5221547,-87.8487366	289.0	null
42.1567722,-76.8541827	42.3482668,-77.6698753	58.9	null	
34.1628289,-85.7126492	33.3478202,-86.6190613	95.9	null
41.2380159,-73.0315813	41.8064746,-72.5376747	53.2	null	
30.6254979,-87.90589659999999	34.1495662,-86.84148519999999	299.0	null
31.1387393,-87.0685361	32.9641663,-87.1720479	150.0	null
41.096106,-73.449511	41.5047984,-72.12257889999999	86.3	null	
33.9931147,-86.09430829999999	34.7886301,-86.9589404	84.9	null	
41.1591183,-73.4175793	41.096106,-73.449511	6.2	null	
30.7619546,-88.2295457	32.4333922,-87.0130686	179.0	null
44.9223101,-74.87782850000001	40.68327960000001,-73.4337443	390.0	null	
34.669315,-86.00638189999999	32.4333922,-87.0130686	199.0	null
42.64014580000001,-73.7013525	42.57341,-76.2147772	164.0	null	
41.6976238,-72.8976785	41.2809319,-72.8308	47.0	null	
32.3851579,-86.18487069999999	32.3258962,-86.23204659999999	6.1	null
41.2871201,-72.67886439999999	41.3697844,-72.06514869999999	35.4	null	
34.4331495,-86.9377772	34.1196445,-87.9924214	81.0	null
41.5047984,-72.12257889999999	41.096106,-73.449511	86.3	null	
42.122497,-70.83161419999999	42.3729018,-71.5588568	59.9	null	
43.14393,-78.69358460000001	42.7518646,-73.76559829999999	284.0	null	
42.5704229,-71.11272919999999	42.17060379999999,-71.87881179999999	58.6	null	
30.5221547,-87.8487366	33.7315448,-87.8087661	289.0	null
41.3106003,-73.8667639	41.3167559,-74.148402	19.1	null	
41.4770732,-72.8112967	41.56339029999999,-73.00431979999999	20.3	null	
33.6793554,-86.6810057	33.1460285,-86.7520085	46.7	null
40.8637999,-73.08044049999999	42.2124896,-73.88288630000001	163.0	null	
31.3048098,-86.5011549	32.9413287,-85.9759495	141.0	null	
41.3167559,-74.148402	41.3106003,-73.8667639	19.1	null	
32.4940525,-86.39816290000002	34.6838836,-86.74116590000001	170.0	null
42.17060379999999,-71.87881179999999	41.64190749999999,-71.00791079999999	68.5	null	
43.1611203,-76.11736259999999	42.8860163,-78.6969235	146.0	null	
41.904485,-71.0323192	42.2361444,-70.9864432	28.2	null	
32.4629505,-86.416358	32.8365989,-84.8436105	111.0	null
41.7402568,-72.1749329	41.6629796,-72.7183982	36.6	null	
34.2031662,-86.15209689999999	32.9641663,-87.1720479	123.0	null
41.6053432,-72.71174809999999	41.6976238,-72.8976785	15.2	null	
40.68327960000001,-73.4337443	44.9223101,-74.87782850000001	390.0	null	
41.6976238,-72.8976785	41.6053432,-72.71174809999999	15.2	null	
41.4974076,-74.07386369999999	41.8104198,-72.85357879999999	99.9	null	
33.3613017,-87.00212809999999	30.8860401,-87.79016089999999	235.0	null	
32.8168235,-86.6092924	33.3478202,-86.6190613	51.3	null
32.3708254,-86.26823279999999	32.3851579,-86.18487069999999	6.9	null
42.2501964,-71.94031939999999	42.3729018,-71.5588568	26.8	null	
43.0664192,-77.3579251	44.8451153,-74.3294346	244.0	null	
33.6391007,-86.6291684	33.5290088,-86.72007429999999	13.1	null
31.315562,-85.8274507	31.2680202,-85.44126469999999	27.5	null
42.2361444,-70.9864432	41.955574,-70.71796209999999	28.8	null	
42.64014580000001,-73.7013525	40.7268723,-73.5437687	168.0	null	
32.6379264,-85.42191969999999	33.5990073,-85.832306	93.0	null
41.3736477,-72.91900799999999	41.2871201,-72.67886439999999	20.3	null	
33.4221868,-86.67610499999999	33.4606277,-86.96835299999999	23.6	null
42.2376571,-72.2787543	41.7575738,-70.6636893	113.0	null	
41.7554762,-71.21799919999999	42.62280519999999,-71.2697883	81.1	null	
34.2373899,-87.59757569999999	33.7801311,-85.89704399999999	148.0	null
42.494501,-70.9355235	41.7953632,-71.3254984	68.1	null	
41.5833663,-71.98940519999999	41.7406965,-72.7123948	48.2	null	
42.9540806,-76.5481875	42.9636465,-74.1850603	142.0	null	
30.3824199,-87.6863106	34.8341568,-87.6251166	384.0	null
41.644992,-70.8879561	41.67171159999999,-71.15865889999999	17.1	null	
43.7735689,-75.4779841	43.0664192,-77.3579251	156.0	null	
41.9331395,-71.35014939999999	41.64190749999999,-71.00791079999999	37.4	null	
42.4648501,-73.1981923	41.955574,-70.71796209999999	171.0	null	
41.2014675,-73.1195311	41.8192162,-73.0779735	49.0	null	
41.2914878,-73.11301569999999	41.6819255,-72.65669980000001	40.9	null	
33.3618158,-86.8248581	33.4469749,-86.8209358	9.3	null
43.00861889999999,-78.8186202	43.2341532,-78.2258973	47.8	null	
30.3824199,-87.6863106	34.4399919,-85.7620185	356.0	null
31.843662,-85.17110409999999	33.4692591,-86.91817429999999	187.0	null
42.5545669,-70.96823999999999	42.1752261,-72.57210139999999	103.0	null	
41.8064746,-72.5376747	41.2380159,-73.0315813	53.2	null	
42.8757365,-77.24310129999999	42.2124896,-73.88288630000001	238.0	null	
42.1752261,-72.57210139999999	42.5545669,-70.96823999999999	103.0	null	
33.5990073,-85.832306	32.6379264,-85.42191969999999	93.0	null
43.1611203,-76.11736259999999	42.9052065,-78.77816079999999	147.0	null	
41.9232556,-72.6076685	41.3697844,-72.06514869999999	60.6	null	
43.0383576,-76.27301600000001	42.8757365,-77.24310129999999	58.5	null	
33.6047446,-87.0424393	41.2711483,-72.97782029999999	1064.0	null	
34.7457897,-86.67589199999999	34.6576415,-86.4854392	16.7	null
41.7575738,-70.6636893	42.2376571,-72.2787543	113.0	null	
41.2809319,-72.8308	41.8104198,-72.85357879999999	54.6	null	
34.0126461,-85.98711759999999	34.4399919,-85.7620185	37.8	null
32.5013137,-85.0434437	33.6096563,-86.27711669999999	132.0	null
41.4058319,-73.4180671	41.3118395,-73.05313769999999	25.1	null	
42.2501964,-71.94031939999999	42.4925091,-71.7296017	28.9	null	
42.2124896,-73.88288630000001	42.8757365,-77.24310129999999	238.0	null	
41.6053432,-72.71174809999999	41.4058319,-73.4180671	47.6	null	
42.1162156,-71.46536259999999	42.1210441,-71.0300905	39.6	null	
32.5508583,-85.9170779	33.438442,-86.08019759999999	72.4	null
30.7995566,-88.0969451	34.493486,-87.72715640000001	309.0	null
42.5949057,-71.7598385	42.4487941,-70.9608099	58.2	null	
33.7792584,-86.43244829999999	30.7619546,-88.2295457	285.0	null
42.9636465,-74.1850603	42.9540806,-76.5481875	142.0	null	
33.6471803,-86.8229535	34.0126461,-85.98711759999999	74.5	null
42.0962803,-70.9686255	42.1210441,-71.0300905	5.6	null	
42.3416945,-72.643759	42.5886487,-72.2842989	39.5	null	
34.7886301,-86.9589404	33.9931147,-86.09430829999999	84.9	null	
32.9413287,-85.9759495	33.2355389,-86.80112990000001	66.6	null	
34.4954417,-87.2769098	32.3708254,-86.26823279999999	175.0	null
33.5290088,-86.72007429999999	33.6391007,-86.6291684	13.1	null
43.00861889999999,-78.8186202	42.9636465,-74.1850603	255.0	null	
42.0969209,-79.3004279	42.8824461,-78.6942935	78.9	null	
32.9641663,-87.1720479	34.2031662,-86.15209689999999	123.0	null
42.8417369,-73.94443200000001	42.60870999999999,-73.7919505	22.9	null	
30.6758168,-88.22431309999999	30.5937797,-88.16298519999999	9.5	null
31.2680202,-85.44126469999999	31.1789526,-85.40448979999999	7.5	null
30.6507514,-88.16159449999999	32.4940525,-86.39816290000002	183.0	null
41.2914878,-73.11301569999999	41.6234151,-72.8723633	34.8	null	
42.60870999999999,-73.7919505	42.8595768,-77.02117179999999	197.0	null	
43.3236002,-76.44874879999999	42.4537869,-79.31328259999999	191.0	null	
41.3736477,-72.91900799999999	41.7406965,-72.7123948	37.7	null	
33.4286397,-86.7918224	32.8351551,-85.1788784	163.0	null
41.7554762,-71.21799919999999	42.1281596,-72.0599639	68.3	null	
42.5704229,-71.11272919999999	42.2851509,-71.6563963	45.7	null	
32.4929354,-87.8494517	34.5565103,-86.9958752	191.0	null
43.09525439999999,-75.3124285	41.6668281,-74.67883209999999	135.0	null	
34.4399919,-85.7620185	30.3824199,-87.6863106	356.0	null
32.8365989,-84.8436105	34.493486,-87.72715640000001	260.0	null
34.3419999,-86.500851	34.7886301,-86.9589404	48.1	null	
41.3704689,-72.155682	41.2711483,-72.97782029999999	47.5	null	
43.18816289999999,-76.240273	42.6825208,-74.4553104	119.0	null	
41.6629796,-72.7183982	41.7402568,-72.1749329	36.6	null	
30.2673384,-87.68615659999999	33.7801311,-85.89704399999999	330.0	null
33.7801311,-85.89704399999999	30.2673384,-87.68615659999999	330.0	null
33.4286397,-86.7918224	31.4910594,-85.68949649999999	164.0	null
32.8351551,-85.1788784	33.4286397,-86.7918224	163.0	null
33.5901883,-86.7004457	34.2031662,-86.15209689999999	64.6	null
32.4940525,-86.39816290000002	30.6507514,-88.16159449999999	183.0	null
30.5221547,-87.8487366	33.4692591,-86.91817429999999	265.0	null
42.7427293,-71.16540879999999	42.6788635,-73.1056289	131.0	null	
42.7518646,-73.76559829999999	43.14393,-78.69358460000001	284.0	null	
41.3106003,-73.8667639	41.4549974,-74.3787239	37.0	null	
44.8451153,-74.3294346	40.68327960000001,-73.4337443	369.0	null	
32.9641663,-87.1720479	31.1387393,-87.0685361	150.0	null
41.9331395,-71.35014939999999	42.6788635,-73.1056289	139.0	null	
33.9350701,-87.84070109999999	31.4910594,-85.68949649999999	248.0	null
31.0514132,-85.8993835	33.6471803,-86.8229535	210.0	null
40.68327960000001,-73.4337443	44.8451153,-74.3294346	369.0	null	
30.5937797,-88.16298519999999	30.6389562,-88.24627040000001	8.4	null
42.1210441,-71.0300905	42.0962803,-70.9686255	5.6	null	
31.5166696,-85.70891379999999	33.3413551,-86.7911282	155.0	null
41.955574,-70.71796209999999	42.4648501,-73.1981923	171.0	null	
33.3613017,-87.00212809999999	33.4679023,-86.82164180000001	22.5	null	
42.9052065,-78.77816079999999	43.2911841,-76.12848459999999	157.0	null	
41.7953632,-71.3254984	42.494501,-70.9355235	68.1	null	
31.9395496,-87.73957639999999	31.7807101,-85.93907779999999	121.0	null
42.84701099999999,-73.7485212	42.74348579999999,-78.8724144	295.0	null	
43.0611946,-74.3215374	42.1153086,-75.9468196	134.0	null	
30.6758168,-88.22431309999999	31.4805983,-87.3282674	92.3	null
41.096106,-73.449511	41.1591183,-73.4175793	6.2	null	
44.8451153,-74.3294346	43.0664192,-77.3579251	244.0	null	
33.4221868,-86.67610499999999	33.3618158,-86.8248581	12.4	null
42.0981889,-71.056849	42.6228941,-71.3607727	49.3	null	
33.4469749,-86.8209358	33.3618158,-86.8248581	9.3	null
43.0383576,-76.27301600000001	43.19718930000001,-77.92888599999999	96.7	null	
32.3708254,-86.26823279999999	34.4954417,-87.2769098	175.0	null
31.1387393,-87.0685361	33.1460285,-86.7520085	160.0	null
40.726704,-73.4232535	44.0406753,-75.8443171	363.0	null	
41.7402568,-72.1749329	41.1591183,-73.4175793	95.5	null	
34.7476371,-87.67367779999999	34.4954417,-87.2769098	30.5	null
41.6234151,-72.8723633	41.2014675,-73.1195311	46.1	null	
42.8595768,-77.02117179999999	42.7977478,-77.7861946	46.0	null	
43.2911841,-76.12848459999999	42.9052065,-78.77816079999999	157.0	null	
30.7995566,-88.0969451	34.669315,-86.00638189999999	363.0	null
43.2911841,-76.12848459999999	40.8637999,-73.08044049999999	324.0	null	
33.4606277,-86.96835299999999	33.4221868,-86.67610499999999	23.6	null
42.1360067,-72.5069872	41.7953632,-71.3254984	84.1	null	
40.8641043,-79.8938038	41.0612127,-80.04441799999999	17.1	null
30.683965,-88.124926	30.6415128,-88.18923470000001	6.2	null
31.3048098,-86.5011549	33.7200297,-85.8201445	239.0	null	
34.5565103,-86.9958752	30.6254979,-87.90589659999999	332.0	null
43.0611603,-76.06086979999999	40.7268723,-73.5437687	284.0	null	
33.745376,-87.0417709	33.7792584,-86.43244829999999	55.8	null
34.8341568,-87.6251166	30.3824199,-87.6863106	384.0	null
44.0406753,-75.8443171	40.726704,-73.4232535	363.0	null	
42.7518646,-73.76559829999999	42.8824461,-78.6942935	280.0	null	
42.1281596,-72.0599639	41.7554762,-71.21799919999999	68.3	null	
41.9726126,-73.98512629999999	43.0611946,-74.3215374	97.2	null	
42.551348,-71.99477639999999	42.3008375,-71.39969359999999	46.7	null	
34.4331495,-86.9377772	33.4469749,-86.8209358	73.7	null
43.3236002,-76.44874879999999	42.7977478,-77.7861946	96.1	null	
40.7268723,-73.5437687	43.0611603,-76.06086979999999	284.0	null	
33.2355389,-86.80112990000001	33.6047446,-87.0424393	48.1	null	
42.4925091,-71.7296017	42.5949057,-71.7598385	8.3	null	
41.0612127,-80.04441799999999	40.8641043,-79.8938038	17.1	null
33.7880537,-85.7652227	33.8429255,-87.2544851	118.0	null
42.0969209,-79.3004279	41.9726126,-73.98512629999999	353.0	null	
32.5709803,-85.49652100000002	30.8860401,-87.79016089999999	192.0	null	
32.8351551,-85.1788784	33.1651751,-87.5187189	179.0	null
42.3008375,-71.39969359999999	42.551348,-71.99477639999999	46.7	null	
34.1628289,-85.7126492	33.6793554,-86.6810057	74.4	null
42.7977478,-77.7861946	42.8595768,-77.02117179999999	46.0	null	
41.5519446,-73.41979379999999	41.320042,-72.87717499999999	48.4	null	
41.5643144,-70.5959094	41.644992,-70.8879561	38.1	null	
42.3729018,-71.5588568	42.122497,-70.83161419999999	59.9	null	
41.904485,-71.0323192	42.494501,-70.9355235	50.3	null	
42.6953088,-73.8461142	41.1132707,-74.1069282	124.0	null	
42.6788635,-73.1056289	41.9331395,-71.35014939999999	139.0	null	
34.6158511,-86.5706988	34.7063289,-86.5906231	7.4	null
42.4925091,-71.7296017	42.2501964,-71.94031939999999	28.9	null	
41.2953445,-72.38134459999999	41.9233519,-71.8891874	61.2	null	
32.6379264,-85.42191969999999	33.9710849,-86.4467212	142.0	null
41.5047984,-72.12257889999999	41.2953445,-72.38134459999999	24.9	null	
34.3419999,-86.500851	33.7200297,-85.8201445	73.9	null	
34.6576415,-86.4854392	34.7457897,-86.67589199999999	16.7	null
42.5545669,-70.96823999999999	41.5643144,-70.5959094	88.8	null	
31.1789526,-85.40448979999999	32.4929354,-87.8494517	195.0	null
42.9540806,-76.5481875	43.01358070000001,-78.20791489999999	89.4	null	
41.4770732,-72.8112967	41.8192162,-73.0779735	43.5	null	
33.6471803,-86.8229535	31.0514132,-85.8993835	210.0	null
42.14236349999999,-71.215029	42.62280519999999,-71.2697883	44.7	null	
40.8637999,-73.08044049999999	43.2911841,-76.12848459999999	324.0	null	
32.3258962,-86.23204659999999	32.3546687,-86.13494949999999	8.2	null
42.3546249,-72.55246260000001	41.9973971,-70.8463701	119.0	null	
42.2851509,-71.6563963	42.3416945,-72.643759	77.0	null	
42.3008375,-71.39969359999999	41.67171159999999,-71.15865889999999	65.0	null	
33.6096563,-86.27711669999999	32.5013137,-85.0434437	132.0	null
31.559566,-87.87568829999999	33.7880537,-85.7652227	239.0	null
42.6825208,-74.4553104	43.18816289999999,-76.240273	119.0	null	
33.4679023,-86.82164180000001	33.3613017,-87.00212809999999	22.5	null	
34.1196445,-87.9924214	34.4331495,-86.9377772	81.0	null
41.8104198,-72.85357879999999	41.2809319,-72.8308	54.6	null	
42.1567722,-76.8541827	42.427751,-76.5137766	29.4	null	
41.9973971,-70.8463701	42.122497,-70.83161419999999	10.6	null	
34.7476371,-87.67367779999999	33.235497,-87.615996	117.0	null
30.6389562,-88.24627040000001	30.5937797,-88.16298519999999	8.4	null
41.6819255,-72.65669980000001	41.9233519,-71.8891874	52.3	null	
42.6953088,-73.8461142	43.2341532,-78.2258973	261.0	null	
42.4487941,-70.9608099	42.5949057,-71.7598385	58.2	null	
34.2031662,-86.15209689999999	33.5901883,-86.7004457	64.6	null
42.0981889,-71.056849	42.1162156,-71.46536259999999	37.9	null	
34.7063289,-86.5906231	33.4606277,-86.96835299999999	112.0	null
34.8341568,-87.6251166	33.7315448,-87.8087661	86.9	null
32.3851579,-86.18487069999999	32.3708254,-86.26823279999999	6.9	null
33.7200297,-85.8201445	34.3419999,-86.500851	73.9	null	
30.6507514,-88.16159449999999	30.6415128,-88.18923470000001	2.0	null
42.8417369,-73.94443200000001	43.2146781,-77.7242837	219.0	null	
32.3546687,-86.13494949999999	32.3258962,-86.23204659999999	8.2	null
42.1281596,-72.0599639	42.1360067,-72.5069872	30.1	null	
33.438442,-86.08019759999999	32.5508583,-85.9170779	72.4	null
41.644992,-70.8879561	41.5643144,-70.5959094	38.1	null	
41.3697844,-72.06514869999999	41.2871201,-72.67886439999999	35.4	null	
42.1162156,-71.46536259999999	42.0981889,-71.056849	37.9	null	
44.0406753,-75.8443171	43.0611603,-76.06086979999999	79.8	null	
43.2341532,-78.2258973	43.00861889999999,-78.8186202	47.8	null	
43.7735689,-75.4779841	43.14393,-78.69358460000001	225.0	null	
43.01358070000001,-78.20791489999999	42.9540806,-76.5481875	89.4	null	
